
 LOAD NO. -     1


 MODE NO.   DAMPING     FACTOR

    1       0.0500      1.0000
    2       0.0500      1.0000
    3       0.0500      1.0000
    4       0.0500      1.0000
    5       0.0500      1.0000
    6       0.0500      1.0000
    7       0.0500      1.0000
    8       0.0500      1.0000
    9       0.0500      1.0000
   10       0.0500      1.0000

 UNIT - KN   METE

 MODE NO.   1

 FLOOR                  STOREY  SHEAR
                     X                 Z

     6              0.03             12.22

     5              0.98            173.68

     4              2.22            375.61

     3              3.03            509.00

     2              3.14            529.38

     1              3.14            529.38

 MODE NO.   2

 FLOOR                  STOREY  SHEAR
                     X                 Z

     6              8.37             -0.32

     5            147.78              1.37

     4            326.79              5.09

     3            445.47              7.64

     2            463.09              8.05

     1            463.09              8.05

 MODE NO.   3

 FLOOR                  STOREY  SHEAR
                     X                 Z

     6              3.72             -0.73

     5             34.55             -0.77

     4             72.07              1.81

     3             96.75              3.65

     2            100.76              3.97

     1            100.76              3.97

 MODE NO.   4

 FLOOR                  STOREY  SHEAR
                     X                 Z

     6             -0.11             -6.51

     5             -1.58            -74.58

     4             -1.26            -57.64

     3              0.91             44.95

     2              1.36             67.66

     1              1.36             67.66

 MODE NO.   5

 FLOOR                  STOREY  SHEAR
                     X                 Z

     6             -4.84              0.10

     5            -66.58             -2.69

     4            -53.23             -2.84

     3             40.29              1.71

     2             60.17              2.82

     1             60.17              2.82

 MODE NO.   6

 FLOOR                  STOREY  SHEAR
                     X                 Z

     6             -1.50              0.55

     5             -9.87             -0.61

     4             -7.02             -1.85

     3              5.87              0.58

     2              8.89              1.33

     1              8.89              1.33

 MODE NO.   7

 FLOOR                  STOREY  SHEAR
                     X                 Z

     6              0.14              2.88

     5              0.74             28.55

     4             -0.75            -28.61

     3              0.10              3.33

     2              0.49             20.42

     1              0.49             20.42

 MODE NO.   8

 FLOOR                  STOREY  SHEAR
                     X                 Z

     6              2.55             -0.07

     5             24.50              0.72

     4            -24.91             -0.55

     3              3.48              0.03

     2             16.27              0.42

     1             16.27              0.42

 MODE NO.   9

 FLOOR                  STOREY  SHEAR
                     X                 Z

     6              0.70              0.11

     5              2.68              0.02

     4             -2.99             -0.14

     3              0.34              0.06

     2              2.25              0.03

     1              2.25              0.03

 MODE NO.  10

 FLOOR                  STOREY  SHEAR
                     X                 Z

     6             -0.00             -0.00

     5             -0.00             -0.58

     4              0.01              0.88

     3             -0.00             -1.01

     2              0.00              1.07

     1              0.00              1.07

 *******************************************************************************************************
 *******************************************************************************************************
